hand,draws_left,best_draw,hand_after,bet_model,value_heuristic,position,num_cards_kept,num_opponent_kept,action,pot_size,bet_size,pot_odds,bet_this_hand,actions_this_round,actions_full_hand,total_bet,result,margin_bet,margin_result,current_margin_result,future_margin_result
"[4c,7s,2s,7d,3d]",3,,,man,0.3,0,0,0,pos_BB,0.0,100,0.0,0.0,,,100.0,150.0,100.0,50.0,0.0,50.0
"[Td,Kd,Kc,3c,6c]",3,,,CNN_4,0.3,1,0,0,pos_SB,100.0,50,2.0,0.0,,,50.0,0.0,50.0,-50.0,-50,0.0
"[Td,Kd,Kc,3c,6c]",3,,,CNN_4,0.369145,1,0,0,FOLD,150.0,0,0.0,50.0,,,50.0,0.0,0.0,0.0,0,0
"[7s,7c,As,Qh,3d]",3,,,CNN_4,0.3,0,0,0,pos_BB,0.0,100,0.0,0.0,,,500.0,0.0,500.0,-500.0,-100,-400.0
"[3c,5d,3h,5c,Qd]",3,,,man,0.3,1,0,0,pos_SB,100.0,50,2.0,0.0,,,500.0,1000.0,500.0,500.0,100.0,400.0
"[3c,5d,3h,5c,Qd]",3,,,man,0.3,1,0,0,call_small,150.0,50.0,3.0,50.0,,,500.0,1000.0,450.0,550.0,150.0,400.0
"[7s,7c,As,Qh,3d]",3,,,CNN_4,0.377469,0,0,0,raise_small,200.0,100.0,2.0,100.0,0,0,500.0,0.0,400.0,-400.0,-100.0,-300.0
"[3c,5d,3h,5c,Qd]",3,,,man,0.3,1,0,0,call_small,300.0,100.0,3.0,100.0,01,01,500.0,1000.0,400.0,600.0,300.0,300.0
"[7s,7c,As,Qh,3d]",3,"[7s,3d]","[7s,3d,Kh,6c,8h]",CNN_4,0.377469,0,0,0,draw,400.0,0,0.0,200.0,,010,500.0,0.0,300.0,-300.0,0,-300.0
"[3c,5d,3h,5c,Qd]",3,"[3c,5d]","[3c,5d,Ks,2c,Jh]",man,0.3,1,0,0,draw,400.0,0,0.0,200.0,,010,500.0,1000.0,300.0,700.0,400.0,300.0
"[7s,3d,Kh,6c,8h]",2,,,CNN_4,0.40404,0,2,2,bet_small,400.0,100.0,4.0,200.0,,010,500.0,0.0,300.0,-300.0,-100.0,-200.0
"[3c,5d,Ks,2c,Jh]",2,,,man,0.3,1,2,2,call_small,500.0,100.0,5.0,200.0,1,0101,500.0,1000.0,300.0,700.0,500.0,200.0
"[7s,3d,Kh,6c,8h]",2,"[7s,3d,6c,8h]","[7s,3d,6c,8h,6h]",CNN_4,0.40404,0,0,0,draw,600.0,0,0.0,300.0,,01010,500.0,0.0,200.0,-200.0,0,-200.0
"[3c,5d,Ks,2c,Jh]",2,"[3c,5d,2c]","[3c,5d,2c,Ts,7h]",man,0.3,1,0,0,draw,600.0,0,0.0,300.0,,01010,500.0,1000.0,200.0,800.0,600.0,200.0
"[7s,3d,6c,8h,6h]",1,,,CNN_4,0.273134,0,4,3,bet_big,600.0,200.0,3.0,300.0,,01010,500.0,0.0,200.0,-200.0,-200.0,0.0
"[3c,5d,2c,Ts,7h]",1,,,man,0.3,1,3,4,call_big,800.0,200.0,4.0,300.0,1,010101,500.0,1000.0,200.0,800.0,800.0,0.0
"[7s,3d,6c,8h,6h]",1,"[7s,3d,8h,6h]","[7s,3d,8h,6h,Jd]",CNN_4,0.273134,0,0,0,draw,1000.0,0,0.0,500.0,,0101010,500.0,0.0,0.0,0.0,0,0
"[3c,5d,2c,Ts,7h]",1,"[3c,5d,2c,Ts,7h]","[3c,5d,2c,Ts,7h]",man,0.3,1,0,0,draw,1000.0,0,0.0,500.0,,0101010,500.0,1000.0,0.0,1000.0,1000.0,0.0
"[7s,3d,8h,6h,Jd]",0,,,CNN_4,0.127637,0,4,5,check,1000.0,0,0.0,500.0,,0101010,500.0,0.0,0.0,0.0,0,0
"[3c,5d,2c,Ts,7h]",0,,,man,0.3,1,5,4,check,1000.0,0,0.0,500.0,0,01010100,500.0,1000.0,0.0,1000.0,1000.0,0.0
"[Qs,7h,3c,8c,7d]",3,,,man,0.3,0,0,0,pos_BB,0.0,100,0.0,0.0,,,1100.0,0.0,1100.0,-1100.0,-100,-1000.0
"[Js,5s,Ts,Qd,Qc]",3,,,CNN_4,0.3,1,0,0,pos_SB,100.0,50,2.0,0.0,,,1100.0,2200.0,1100.0,1100.0,100.0,1000.0
"[Js,5s,Ts,Qd,Qc]",3,,,CNN_4,0.317917,1,0,0,raise_small,150.0,150.0,1.0,50.0,,,1100.0,2200.0,1050.0,1150.0,150.0,1000.0
"[Qs,7h,3c,8c,7d]",3,,,man,0.3,0,0,0,call_small,300.0,100.0,3.0,100.0,1,1,1100.0,0.0,1000.0,-1000.0,-100.0,-900.0
"[Qs,7h,3c,8c,7d]",3,"[3c,8c,7d]","[3c,8c,7d,3h,5h]",man,0.3,0,0,0,draw,400.0,0,0.0,200.0,,10,1100.0,0.0,900.0,-900.0,0,-900.0
"[Js,5s,Ts,Qd,Qc]",3,[5s],"[5s,7c,4c,3s,6s]",CNN_4,0.317917,1,0,0,draw,400.0,0,0.0,200.0,,10,1100.0,2200.0,900.0,1300.0,400.0,900.0
"[3c,8c,7d,3h,5h]",2,,,man,0.3,0,3,1,bet_small,400.0,100.0,4.0,200.0,,10,1100.0,0.0,900.0,-900.0,-100.0,-800.0
"[5s,7c,4c,3s,6s]",2,,,CNN_4,0.401653,1,1,3,call_small,500.0,100.0,5.0,200.0,1,101,1100.0,2200.0,900.0,1300.0,500.0,800.0
"[3c,8c,7d,3h,5h]",2,"[8c,7d,3h,5h]","[8c,7d,3h,5h,As]",man,0.3,0,0,0,draw,600.0,0,0.0,300.0,,1010,1100.0,0.0,800.0,-800.0,0,-800.0
"[5s,7c,4c,3s,6s]",2,"[5s,7c,4c,3s]","[5s,7c,4c,3s,4d]",CNN_4,0.401653,1,0,0,draw,600.0,0,0.0,300.0,,1010,1100.0,2200.0,800.0,1400.0,600.0,800.0
"[8c,7d,3h,5h,As]",1,,,man,0.3,0,4,4,check,600.0,0,0.0,300.0,,1010,1100.0,0.0,800.0,-800.0,0,-800.0
"[5s,7c,4c,3s,4d]",1,,,CNN_4,0.312719,1,4,4,bet_big,600.0,200.0,3.0,300.0,0,10100,1100.0,2200.0,800.0,1400.0,600.0,800.0
"[8c,7d,3h,5h,As]",1,,,man,0.3,0,4,4,call_big,800.0,200.0,4.0,300.0,01,101001,1100.0,0.0,800.0,-800.0,-200.0,-600.0
"[8c,7d,3h,5h,As]",1,"[8c,7d,3h,5h]","[8c,7d,3h,5h,4h]",man,0.3,0,0,0,draw,1000.0,0,0.0,500.0,,1010010,1100.0,0.0,600.0,-600.0,0,-600.0
"[5s,7c,4c,3s,4d]",1,"[5s,7c,4c,3s]","[5s,7c,4c,3s,2s]",CNN_4,0.312719,1,0,0,draw,1000.0,0,0.0,500.0,,1010010,1100.0,2200.0,600.0,1600.0,1000.0,600.0
"[8c,7d,3h,5h,4h]",0,,,man,0.3,0,4,4,bet_big,1000.0,200.0,5.0,500.0,,1010010,1100.0,0.0,600.0,-600.0,-200.0,-400.0
"[5s,7c,4c,3s,2s]",0,,,CNN_4,0.933486,1,4,4,raise_big,1200.0,400.0,3.0,500.0,1,10100101,1100.0,2200.0,600.0,1600.0,1200.0,400.0
"[8c,7d,3h,5h,4h]",0,,,man,0.3,0,4,4,raise_big,1600.0,400.0,4.0,700.0,11,101001011,1100.0,0.0,400.0,-400.0,-400.0,0.0
"[5s,7c,4c,3s,2s]",0,,,CNN_4,0.933486,1,4,4,call_big,2000.0,200.0,10.0,900.0,111,1010010111,1100.0,2200.0,200.0,2000.0,2000.0,0.0
"[6h,Kh,4s,3d,5s]",3,,,CNN_4,0.3,0,0,0,pos_BB,0.0,100,0.0,0.0,,,700.0,0.0,700.0,-700.0,-100,-600.0
"[Ts,5d,4h,Qc,Tc]",3,,,man,0.3,1,0,0,pos_SB,100.0,50,2.0,0.0,,,700.0,1400.0,700.0,700.0,100.0,600.0
"[Ts,5d,4h,Qc,Tc]",3,,,man,0.3,1,0,0,call_small,150.0,50.0,3.0,50.0,,,700.0,1400.0,650.0,750.0,150.0,600.0
"[6h,Kh,4s,3d,5s]",3,,,CNN_4,0.507352,0,0,0,raise_small,200.0,100.0,2.0,100.0,0,0,700.0,0.0,600.0,-600.0,-100.0,-500.0
"[Ts,5d,4h,Qc,Tc]",3,,,man,0.3,1,0,0,call_small,300.0,100.0,3.0,100.0,01,01,700.0,1400.0,600.0,800.0,300.0,500.0
"[6h,Kh,4s,3d,5s]",3,"[6h,4s,3d,5s]","[6h,4s,3d,5s,Kd]",CNN_4,0.507352,0,0,0,draw,400.0,0,0.0,200.0,,010,700.0,0.0,500.0,-500.0,0,-500.0
"[Ts,5d,4h,Qc,Tc]",3,"[5d,4h]","[5d,4h,3h,5c,4c]",man,0.3,1,0,0,draw,400.0,0,0.0,200.0,,010,700.0,1400.0,500.0,900.0,400.0,500.0
"[6h,4s,3d,5s,Kd]",2,,,CNN_4,0.378539,0,4,2,bet_small,400.0,100.0,4.0,200.0,,010,700.0,0.0,500.0,-500.0,-100.0,-400.0
"[5d,4h,3h,5c,4c]",2,,,man,0.3,1,2,4,call_small,500.0,100.0,5.0,200.0,1,0101,700.0,1400.0,500.0,900.0,500.0,400.0
"[6h,4s,3d,5s,Kd]",2,"[6h,4s,3d,5s]","[6h,4s,3d,5s,Qh]",CNN_4,0.378539,0,0,0,draw,600.0,0,0.0,300.0,,01010,700.0,0.0,400.0,-400.0,0,-400.0
"[5d,4h,3h,5c,4c]",2,"[5d,4h,3h]","[5d,4h,3h,9c,8h]",man,0.3,1,0,0,draw,600.0,0,0.0,300.0,,01010,700.0,1400.0,400.0,1000.0,600.0,400.0
"[6h,4s,3d,5s,Qh]",1,,,CNN_4,0.224261,0,4,3,bet_big,600.0,200.0,3.0,300.0,,01010,700.0,0.0,400.0,-400.0,-200.0,-200.0
"[5d,4h,3h,9c,8h]",1,,,man,0.3,1,3,4,call_big,800.0,200.0,4.0,300.0,1,010101,700.0,1400.0,400.0,1000.0,800.0,200.0
"[6h,4s,3d,5s,Qh]",1,"[6h,4s,3d,5s]","[6h,4s,3d,5s,6c]",CNN_4,0.224261,0,0,0,draw,1000.0,0,0.0,500.0,,0101010,700.0,0.0,200.0,-200.0,0,-200.0
"[5d,4h,3h,9c,8h]",1,"[5d,4h,3h,9c,8h]","[5d,4h,3h,9c,8h]",man,0.3,1,0,0,draw,1000.0,0,0.0,500.0,,0101010,700.0,1400.0,200.0,1200.0,1000.0,200.0
"[6h,4s,3d,5s,6c]",0,,,CNN_4,0.0690238,0,4,5,bet_big,1000.0,200.0,5.0,500.0,,0101010,700.0,0.0,200.0,-200.0,-200.0,0.0
"[5d,4h,3h,9c,8h]",0,,,man,0.3,1,5,4,call_big,1200.0,200.0,6.0,500.0,1,01010101,700.0,1400.0,200.0,1200.0,1200.0,0.0
